5.9640727043151855
5.95816707611084
5.952223300933838
5.945537567138672
5.939088344573975
5.932714462280273
5.926855087280273
5.9206976890563965
5.914355278015137
5.908318519592285
5.902200698852539
5.896152973175049
5.88944673538208
5.882761001586914
5.876354694366455
5.86942195892334
5.86266565322876
5.855544090270996
5.848677635192871
5.841555595397949
5.833366870880127
5.8255934715271
5.818294048309326
5.810757637023926
5.802835464477539
5.794809818267822
5.786949157714844
5.780160903930664
5.773721218109131
5.766969203948975
5.7613701820373535
5.755932807922363
5.750774383544922
5.746427536010742
5.742458343505859
5.739150047302246
5.7358245849609375
5.732621669769287
5.729304790496826
5.726348876953125
5.7232666015625
5.720513820648193
5.717865943908691
5.715047359466553
5.71224308013916
5.709529876708984
5.706869125366211
5.704267501831055
5.701412677764893
5.698793411254883
