5.944509983062744
5.899764537811279
5.85385799407959
5.8052544593811035
5.76148796081543
5.734102249145508
5.714061737060547
5.695113658905029
5.678032398223877
5.664434909820557
5.654445648193359
5.64766263961792
5.642910003662109
5.63949728012085
5.636851787567139
5.635027885437012
5.633394241333008
5.631944179534912
5.631379127502441
5.630566596984863
5.6297173500061035
5.629270553588867
5.628748893737793
5.628268241882324
5.6277594566345215
5.627228736877441
5.626978397369385
5.626614570617676
5.626150608062744
5.6259379386901855
5.625545024871826
5.6252522468566895
5.624743938446045
5.624452590942383
5.62406063079834
5.623885154724121
5.6235270500183105
5.623055934906006
5.622746467590332
5.622457981109619
5.621832370758057
5.621865272521973
5.621316909790039
5.620875835418701
5.6205878257751465
5.620043754577637
5.619752407073975
5.619281768798828
5.618828296661377
5.618361949920654
